34.35
188.5
1500.05
100.2
13
70
30.4
82
1424
3735
519.95
43
3.16
231
262.8
44
22
70.5
23.95
1100
1099
71.9
28
42.7
7
17.8
7.05
50.8
298.7
324
0.61
229.95
8.95
7.53
39.4
32
1241
21.5
56.1
3.21
435
14.4
80
16
267.1
9.01
38.7
149.35
14.25
5.35
152
18
216
91.5
51.3
25.9
82.7
61
273.9
5.69
1345
14.25
74.55
5.88
9.49
1.3
40
44.2
10.66
91.1
163.15
30.95
65.65
19.15
835
71.9
262
0.53
5.13
87.55
89.8
1082
36.85
50.1
295
69.95
4.5
163.8
70.5
461.25
18
29.1
3.48
390
57.45
45
10.4
178
28.2
14.85
50.25
5.1
8.25
7.83
5.6
65.4
30.85
215.45
360
160
1429.65
5.68
86.5
38.1
94.75
13.7
116
22.5
325.95
23.1
8.5
15
22.4
38.95
34.45
24.25
141.45
2
174.9
354.9
899.45
152.35
401.9
252.95
40.5
1.28
127
37
9.15
437
139
352.1
4.6
162.45
124.5
16.7
158.95
1055.9
14.44
10.78
6.14
36
526
5.47
44.5
6.3
10.26
106
57.9
2.44
27
127.85
3.61
33.7
4.46
71.9
5.05
52
7.9
1.54
9.29
132
3.24
6.5
224.8
54.85
255.2
10
41.5
8.97
2.58
10.89
3.59
46.25
10
5.08
1.89
218.05
441.75
725
5.39
32.8
739
1311.05
35.8
33.5
22.4
19
18.5
47.05
35.5
157.8
610
990.15
716
126.7
2.05
124.85
117.5
33.05
6.52
235
3.7
710
94.5
640
475
15.45
106.65
2.31
6.23
41.5
43
222.05
1375
56.3
25.4
18.75
124
22.5
12.39
143
16.95
169.5
44.85
15.6
10.7
35.75
6.4
0.77
9
41.4
2690
369
459.95
51.7
220
38.25
40.25
14.25
3.87
388
8.5
129
108
6.88
537.05
103.95
416.2
84.55
1.65
16
2.08
290
40
39.25
790
112.05
75.5
128
50.3
233
204.4
110
266.8
663.8
15.1
8.5
24.8
38.7
11.89
12.7
14.5
0.96
345.15
34
47.95
51.5
38.9
1.59
2880
1029
11.35
14.5
140.1
16.95
4.5
34.15
7.31
37.5
7.55
16.2
3.93
25.5
8.45
1204.95
1345.9
57.4
363.95
53.9
337.55
53.25
90
369
655
635
138.5
16.5
2302
10.49
23.5
24.5
381.7
36.95
50
7.61
106.8
630
163
260
379
4.32
379.9
9.2
2.5
339.9
23.9
205
31.9
42
0.69
0.95
4.5
1470
16.4
15.8
51.8
12.95
102
1.07
545
186
95
79
118.5
55
243.7
208.75
8.99
168
37
772
363
54.7
437
244.4
46.6
37.3
318.75
934
96.5
199.8
13.44
0.58
75.5
42
0.34
1119.95
69.1
61.9
26.45
111.6
67.65
12.45
352
2.9
74
3.39
125.2
26
188
44.1
278.9
282
69
5.9
103
179.5
25.1
72.6
52.35
229.8
4.41
11.49
29.65
376.9
10.59
124.8
9.01
85.15
10.43
106
1.18
12.89
30.6
30.8
139.95
2.93
745
366
122
9.6
319.75
2.31
6.19
29.5
395
37.4
552
68.95
0.42
7.85
4.98
2.65
1.98
16.35
10
25.25
185
102.25
6.7
219
15.35
515
286
2.76
7.59
11.5
19.5
21
136.4
44.7
32.8
17
275
18.5
5
22.25
17.55
22.1
253.4
17.05
164.9
10.66
340
538.7
3.49
3.85
141.25
690
4.27
45.25
388
6.65
10
14.45
11.95
14
29.8
13.59
74.9
2.25
8.05
3.98
10.5
26.25
9.06
2.12
87.3
2125
4.45
2.94
3.25
62
28
135
3.94
481
82
348.5
29
11.6
81.9
402
19.05
104.85
4.75
71.5
87
9.25
135.4
229
2299.85
210.9
29.75
79.5
2
279.8
36.4
121
4.3
22
24.85
47.8
146.9
70
61.35
30.5
11.62
415
38
48.75
50.25
3.61
11012
9.25
3.46
71.1
105.25
62.8
11.13
162.5
137
30
766
12
14.75
34.85
88.9
139.95
29.1
97.5
37.4
306
97
57.2
19
2.8
75.65
11.1
183.7
18.6
93
23.15
32.35
54.5
67.4
47.05
95
4.23
11.05
4.65
32.8
18.8
27.5
30
76.8
60.9
128.75
8.1
186
283.6
1219.8
253
3069.7
22
8
93.9
30.6
4.18
47.65
7.5
360
230
14
42.95
814
590.3
397
16.4
10.74
14.12
27
90.45
0.4
1399.95
64
20.4
2.4
135
0.64
319
630
325
8.92
25.95
1003
181
364.9
158.4
105.5
395
77.25
342
34.6
368.5
39
399
452.9
387
2.2
39
60
33.75
110
228
0.54
260
738
79.7
3.5
45.45
12
421.5
11.57
32.9
53.8
493.15
464
153.2
24.8
130.9
2.69
265.95
3.83
43.5
0.64
31.05
44.05
6.75
473.5
148.4
372.6
7.5
111.7
4.72
263.7
54.9
35.05
35.35
2.55
79.95
1.13
6.4
54.35
3.99
35
66
118.8
724
5.75
116
7.5
48.1
37.15
6
2.12
1.57
4.41
74
635
20.75
83
137.4
0.4
11.75
428
85.45
38.9
441
141.95
220.1
378.8
45
6.37
22.9
6
3.69
20.25
112
10
0.61
30.4
1794
19.8
508
85
43
123
53
24
139.65
16.5
92.4
146.25
461
408
112.25
24.55
342.9
7.05
70.65
113.85
3.4
20.9
553.55
17.1
91.3
114
13.52
5.92
225
7.18
31.2
5.55
264.35
11.19
16.35
209.9
10.74
427
150
11.49
11.55
311.65
7.95
59.15
21.8
27
56
58.5
81.5
57.5
25.4
233.35
42.9
68.05
208.9
95.8
330
9.65
151.9
62.4
51.25
13.35
355
13
19.2
1.14
204.25
180.6
35.65
120.45
165.7
46
117.75
869.95
34.65
16.75
215
10.9
220
5.41
1173
542.15
610
3.87
250
135
321
358.5
60.15
90
16
88.5
1370
10.01
150.75
178.25
619.9
18.7
9.2
2.42
105
3
21.8
68.9
3.1
12.84
64
84.6
181
4.99
34.05
145.2
90.45
59
2800
2835
88.85
7.51
202
811
333.9
72.05
99
120.25
133.35
6.91
0.44
40.1
147.1
41.15
22.3
11.25
45
154
144.8
28.45
224
128.7
11.85
4.5
629
15.29
1240
62.95
4.66
64.1
44.95
14.75
5.09
422
102.25
29.2
6.55
26.6
181
8.5
5
12.4
3.57
1401
4.71
36.1
34.7
288
295
83.9
36
30.4
20
57.9
19.35
4.49
118.4
18.3
269.9
6.19
1.55
31.8
87.7
0.36
8.49
12.95
137.65
373
92
20.15
55.95
4.21
38
27.65
237.25
159
9.21
648.4
1615
1070
175
137.95
22.5
1615
181
760
78.5
200
15.95
562
364.05
23.05
332.8
22.05
16.25
122.25
0.52
235
148.1
85
92.7
27.1
95
24.55
218
34.45
561.05
94
23.3
283
937
113
7
52.5
175.4
124.6
56.9
744.4
835
4.99
20.85
85.7
25.6
101
173
73.7
6
80.5
175.5
1728.25
64.25
3.9
8.4
182.95
13.35
139
4.18
253.95
4.5
33
4.3
450.15
910
60.95
435.8
430
909
889
6.01
76.8
4.82
47
22
1.19
12.6
73.6
1988
0.82
131.9
346
8.82
11.52
4.55
135
202.05
14
85
33.5
13.85
5.01
306
4.85
11.5
19.4
176.2
9.4
127.65
444.85
4.39
428
18.75
34.75
26.85
34.85
21
236.25
8.19
26.25
234
215
321
156.7
451
111.25
23.95
11.75
133
48.2
20
39.7
50.5
4.2
335.35
2.11
8.8
19
52.15
253.3
118
33.2
3.31
29
41.75
55
0.29
17.5
18.65
6.74
102
47.75
585.4
20.1
147.95
45.85
2242
313
55.8
77.8
10.24
159
364.9
8.35
20.4
4.36
149
14.89
23.35
5.83
201
1.83
112
76.3
3.2
3.6
0.36
333
5.86
148.55
4.1
5.43
14.7
175.05
7
258.45
96.6
118.45
597
290
4.2
6.5
0.38
14.99
16.5
72.9
11.07
1.55
458.45
23.5
177.9
671.55
44.75
36.7
28.45
388.7
630
93
66
296
7.4
123.85
103
6.15
70
313
20.2
18.5
48.7
2906.75
47.8
39.35
402
16.95
5.55
728.45
10.22
6.77
14.09
33.3
8
43.9
6.03
60
68.95
14.02
13.95
16.05
50.6
218.9
73.55
140
22
7.05
123.95
105
3.39
9
3.46
47.6
5.63
620
277.5
311.25
12.9
64.9
31.3
50.5
1.3
4.9
530.95
31.5
0.67
29.05
153.5
387
154.25
120
2270
113.15
92
8.06
179.95
134.9
42.55
34.9
3.7
284.95
822
84.75
194
27
102
26
1124
471
29.75
5.25
3.12
34.2
390
241.9
17
128.3
1.1
100.95
1.65
1.75
132.55
23.1
26.5
1.3
219.9
110.5
25
9.01
58
106
118.9
166.9
20.85
1003.7
47.5
24
315
436.1
16.4
174.95
189
38.1
55
20
99.55
0.78
66.5
15.55
82.9
23.6
801
219.05
4.76
151.9
16.1
70.3
269.9
171.25
2.5
23.75
13.74
52
3.4
2049
250.3
26.6
18.2
28.25
376.9
1.28
0.65
87.1
111
369.05
549.75
53
63.05
157.5
111.65
548
33.95
221
35
19.4
60
119.7
81.75
59
26.5
38
0.26
52
49.75
47.4
74
8.98
52
42.75
129
39.3
415.3
33.95
285
376
82.7
0.35
40.2
10.1
9.51
14.69
28.05
323.55
44.5
16.85
5
167
42.1
3.15
38.5
7.5
403.45
92.45
14.85
547.3
55
54.55
702.1
145.8
70
5.81
1.13
46
147
47.85
679
154.1
257.9
0.5
143.9
1.47
1.14
23.05
25.1
9
19.15
6.33
80.5
105.9
287.05
3618
1869.05
173
115.5
85.85
36.9
39.5
255
382.75
1.4
164
40.4
1400
15.7
25.2
60
2.37
16.25
139.9
2
3.05
162
22.5
2.92
39.85
7.15
8.86
7.12
31.45
7
29.5
83
158
31
7.59
1.15
14.78
8.88
273
281
143
312.95
7.51
260
73.7
510
2.26
616.1
49
43.45
280.1
7.02
170
3.94
62.8
340
3.32
136.45
309
7.9
394
3303
21.75
70.8
188
122
24.6
912
300
471
92.2
12.81
82.75
143
12.5
27.25
4.3
157.05
253.05
125
883.3
10.15
58.5
18
29.7
37
103.8
24
210
10.02
43.3
204.95
17.7
16
9.11
6.44
259
19.25
2480
280
546
15.9
111.5
6.9
4.23
7.76
8.4
932.1
12.28
372.1
42.5
16
181.5
103
7.3
210.5
49.1
867
0.75
37.8
22.65
37.5
174
98.45
149.65
33.5
64.8
3.8
50.55
18.35
159.4
19.3
1.41
140
9.25
10.73
65
81.7
35.2
457.5
19.25
18.05
68.95
12
3500
340
248.7
3.2
2.24
53
7.21
349
166.2
0.5
10.5
8.91
135.45
13.9
167
45
2200
20.25
155.05
8.3
18
19.8
190.45
14.85
64.9
197
339.95
60.9
71
63.9
70.9
199.9
5.2
1554.95
70.55
16.6
14.24
6.59
43.4
23.15
12.4
25.6
310
108.85
29.2
80.7
250
62.1
7.7
306.95
4329
59.4
40.5
86.9
12.69
2.27
30
89
6.7
7
25.25
51.5
2.5
3.04
185
48.35
181.9
70
3.15
412
114.85
30.7
2.55
62.5
36.3
7.86
61
12
166.35
50.9
36.75
3.88
100
210.5
12.78
17
142.05
92
170.1
244.9
16
6.89
332.2
11.74
6.99
56.25
32.8
59.85
20.9
214.1
1.08
2295
268
7.5
143.5
7.27
50.55
30.5
6.95
26.05
107.4
327
61.4
5
8.7
10.76
231
165.05
8.7
109.9
5.8
8.43
21.9
1563
1136
3.24
10.26
5.47
3
41.15
89
162
57
16.5
18.05
55
2.31
263
5.51
529.9
307
8.9
28
5.25
1.71
84
152
60.45
363
128.8
248
14.3
0.58
19
23.75
13.42
35.5
840
8.97
23.65
58
356
22.65
18.7
497.5
27.5
137.5
61.9
5.4
6.8
650.05
313
1.65
6
0.38
17.5
2.6
166.6
13.25
23.55
119
68.75
90.9
5.4
0.78
693.15
878
29.25
68.75
2.28
285
11.6
200
167.4
20.8
80.95
18.6
24.7
166.15
400
19.4
570
33.85
30.6
228
26.2
3.44
168.2
15.6
14.7
86.25
33
7.39
41.4
7.1
11.84
87.5
398
131
70.5
110
34.5
12.02
157.25
14.05
7.99
158
374
411
117.3
395
104.7
7.79
136
218.95
0.6
7.9
65
12.2
1833
3.09
28.5
470.65
4.99
8.79
56.1
37.65
451.35
426.4
14.75
102.65
129.9
27
23.1
2.17
3.95
135.05
23.5
27.8
613.7
1.08
2.62
19.3
4.5
1.22
1.8
17.5
29.55
167.5
48.5
798
5.89
117.3
33.5
151
1220
11.15
5.25
5.25
123.3
44.2
17.2
276.3
97.25
80
43.85
191
382
20.05
555
28.2
236.8
8.25
11.36
174
35.85
160
120
7
94.3
15.95
4.75
49
29.8
221.65
12.5
16.25
5.85
193.1
296.4
35.75
3.25
220
2.5
4.06
21
41.95
198.6
13.61
14
47
33
61
5.65
22.15
37
10.76
346
105.55
49.7
139.85
34.8
365
42.9
16.5
863.45
3.9
2.86
419.5
0.79
9.3
124.5
209
56.95
108.25
35.5
30.4
151.25
37
10.48
4.93
1039
512
250
226
10.32
76
74
26.3
20.6
5.3
49.5
19.75
164.8
66.85
9.98
4.15
48.55
25.05
91.95
172.2
137.65
79.9
7.65
115
10.25
42.6
12.05
580.05
17.8
11
42.5
30
350
53.55
77
262
264.15
15.3
25.5
43
33
5.81
6.25
53.5
8.44
228.9
1250
152.4
15.95
23.9
393
6.74
201.1
495
183
108.7
448
4.16
19
127.05
2
37.75
22.6
277
72.2
10.85
15.85
28
117.05
449
29.25
4299.95
95.9
410
234
41
12.45
16.75
27.5
5.17
209
471
63.15
608.3
20.7
534
42.5
1252.55
523
15.73
6.8
29.45
447.5
114
10
621
5.92
0.73
17.5
5.16
60.05
32
228.9
61.45
22.45
9.24
72.45
17
5.25
82.15
10.45
130.95
5.21
8.77
18.8
12.24
31.6
8.47
13.99
256
4.8
3.54
5.62
3.3
51.95
43
17.9
52.8
205
38.75
100
173.25
104
189.7
110.85
7.84
3.82
320
39.3
326
9
21.5
4.25
7.25
41.75
55.9
80
8.25
174
8.6
40
1.09
15.9
8.05
7.8
514.9
68.95
22.5
124.1
46.9
400
17.15
14.95
125.1
10.8
31.85
135
14
99.95
18.5
18.9
93.75
14.01
71
19.8
132
3.55
83.3
9.46
35.3
20.5
19.3
79
157
12.75
92
57.5
810
48.1
31.7
16.3
4.73
42
52800
1.89
4.9
29.7
214.65
104.95
33.45
538.05
8.7
2.9
69
488.8
31.3
486
83
6.28
72.6
528
6.3
49
14.9
5.98
4.26
9.2
385
10.3
9.1
22.5
6.87
8.45
49
49.35
89.9
1424.7
135
182.9
0.54
14
19.9
8.49
21.25
608.7
4.1
158.5
19.05
222
113.9
12.1
190.55
0.8
6.06
1.45
1.49
1.87
4.41
74.5
152
48.6
197.6
25
262.1
110
145
0.34
60
70.1
41.1
444.9
0.63
7.05
164.65
18
15.45
7
13
49.9
87.3
25.5
179
322
15.3
3.1
670
55.85
38.05
1476
6.89
19.25
532.65
6.6
1.8
49.2
111
29.45
50.5
180.7
1224.9
1.98
21.15
53.1
13.01
71.6
135
174
0.82
1.8
17.3
100.1
35.55
207.95
4
33.8
1140
73
0.79
31.5
13.9
12.78
59
52.05
43.9
197.5
99.65
375
4.3
145
8.25
224
7.3
72.95
73.5
5.95
236
273.1
22.3
37.2
28.7
65
3.62
29.2
4.55
28
4.49
999.9
67.5
37
13.35
138
286.9
63
13.4
492.8
13.35
27.5
11.01
64
66.45
23.4
10.9
194
85.3
19.8
24.1
10.5
11.79
5.53
33
53.9
197.7
5.5
21.25
45.8
11.21
19.45
17.55
70.9
5.75
11.15
151.75
55.4
37
73.45
5.1
36.95
11.18
11.2
53.35
192.95
147.15
0.69
14.95
31.65
39
3.35
37
25.7
42.5
65.35
218.4
2.32
191
3885
164
8.6
69.75
38
1247
3890
150.65
62
89
13.95
256
6.91
8.92
28.6
192.85
65
82.75
548.4
233.85
184.95
11.68
0.9
194
103.7
26.3
372.8
5.37
219.8
654.1
256.9
244.85
13.35
13
127.5
6.46
7.14
22.5
94.9
119.1
330
8
15.45
0.7
985
1447
1.25
1375
16.25
509.9
181
420
12.89
13
107.05
0.7
2.31
6.12
30.25
3.05
9
62
317
30
2.13
49.75
1.38
189
7.78
230.15
24
32.2
52.4
101.5
25.5
115.6
26.5
3.78
88
63.5
0.2
54.8
64.5
14
53
93.8
86.85
236
137.45
1314
4.14
1.59
79.25
132
325
3.25
16.35
34.1
38.1
15.9
13
44.6
75.15
16.25
46.5
324.85
1.55
9.22
0.3
8
6.53
0.95
16.75
40
10.5
30.9
232.8
62.6
93.5
12.62
176.1
35.5
138.9
1.77
2.94
51
217.9
304.9
268
377
111.8
900.9
559.05
95.5
484
736
19.4
127
7.32
20
23.3
1320
1250
1669.7
131
28.25
26.45
25.75
1.55
80
1328.45
55
60
6.46
11.85
175.5
396
163.9
181.9
533.85
1878
217.9
50.35
18.3
31.25
149.5
50.05
26.2
37.45
7.74
37.9
17.15
869.1
2.45
220
140.9
70.1
3.96
8.41
22.5
75
8.11
119.95
212.9
11.95
23.3
17.5
2.99
44.4
113.15
90
12.48
91
78.8
882.05
419.25
136.2
24.5
163.5
16.6
31.6
1573
2.24
56.25
28.8
19.4
94.05
130
70.7
39.3
529.4
59.1
41.5
19.6
18.6
580
14
87
110.1
45.8
77.9
45.85
2.12
30.8
32
10.31
7.95
254
50.8
120.6
21.1
16
49.5
1108
1.42
110
272.45
39.8
8.07
1.95
123.2
127
34.3
43.45
60.9
8.35
6.37
870
465
179.85
336.2
39
23.25
304.9
5.95
8.2
550
102
1.83
22.5
6.6
115
8.65
362.35
5.05
160.8
2.7
113.5
12.39
69.45
469.95
31.5
133
278.05
13.25
10
73.15
36.4
288.05
9.3
261
202.25
31.1
33.8
11.35
38.5
4.69
19.85
9.2
19
7.25
1.12
17
364.9
279.95
27.95
114.3
66
83.45
98.8
9.7
3.73
103.1
0.35
18.35
9.8
109.05
8.99
1.62
382.05
6.45
45.9
247
92
2590.95
4.04
5.43
29.9
460
66
434.9
2.03
123.65
3.75
47.9
12.02
22.25
45.8
180
34.5
29
136
5.34
3.59
2.76
9.5
103.8
2400
15.33
9.26
42
3.2
28.05
133.95
38.15
36
2.25
11.33
48
18.5
14.94
82.45
1.03
207.8
34.2
16.9
4.9
680
115.45
399.8
135.95
15.55
34.75
124.45
75
157.15
49.35
510
886.7
8.7
26.5
130.7
1.59
93
357
5.32
23.4
438
64.4
22.5
580.05
5.15
2.05
0.37
93.5
87
6.86
706
397
10.68
271
32.1
15.48
8.5
26.45
56.6
56.5
43
12.55
5.35
16.6
21
607.9
70
12.35
323.5
12.94
2.63
33
37.5
515
155.1
3.08
35
7.11
12.8
8.57
132.6
67.8
13.56
137
4.5
380.5
143.75
4597
293.4
68
39.5
83.8
76.5
25.4
0.8
295.2
74.85
230.35
198.6
196
0.85
255
34.4
186
54.3
